000000003000000000007090082900000217800401006231000004340010600000000000700000000
000000003000000000007090082900000217800401006231000004340010600000000000700000000
000000003000000000007090082900000217800401006231000004340010600000000000700000000
000000003000000000007090082900000217800401006231000004340010600000000000700000000
000000003000000000007090082900000217800401006231000004340010600000000000700000000
000000003000000000007090082900000217800401006231000004340010600000000000700000000
000000003000000000007090082900000217800401006231000004340010600000000000700000000
000000003000000000007090082900000217800401006231000004340010600000000000700000000
000000003000000000007090082900000217800401006231000004340010600000000000700000000
000000003000000000007090082900000217800401006231000004340010600000000000700000000
000000003000000000007090082900000217800401006231000004340010600000000000700000000
000000003000000000007090082900000217800401006231000004340010600000000000700000000
000000003000000000007090082900000217800401006231000004340010600000000000700000000
000000003000000000007090082900000217800401006231000004340010600000000000700000000
000000003000000000007090082900000217800401006231000004340010600000000000700000000
000000003000000000007090082900000217800401006231000004340010600000000000700000000
